655 45 523 137
655 55 523 147
665 65 533 165
775 75 639 173
775 85 639 182
565 95 436 203
775 95 638 194
565 105 437 214
585 105 453 201
485 115 355 202
605 115 473 204
425 125 297 218
465 125 335 218
605 125 473 214
455 135 325 228
565 145 434 247
645 145 513 243
775 145 639 242
785 145 651 242
495 155 365 262
515 155 385 254
555 155 423 249
615 155 484 256
625 155 493 259
645 155 512 253
665 155 532 252
675 155 540 251
785 155 648 255
455 165 325 260
465 165 335 261
515 165 384 262
535 165 402 261
585 165 452 260
595 165 461 262
605 165 472 265
615 165 483 264
625 165 493 267
645 165 512 260
655 165 521 260
705 165 570 261
715 165 579 261
725 165 589 261
375 175 245 267
385 175 256 267
465 175 335 267
475 175 343 266
565 175 433 273
585 175 453 270
605 175 471 271
615 175 484 275
645 175 512 272
705 175 570 271
725 175 591 271
465 185 334 276
475 185 343 277
485 185 354 287
495 185 364 286
515 185 383 280
535 185 402 275
575 185 442 280
585 185 452 284
625 185 494 284
635 185 504 285
455 195 322 284
465 195 332 287
505 195 362 306
535 195 405 290
545 195 413 289
555 195 422 289
675 195 540 292
735 195 599 291
795 195 659 295
435 205 304 298
495 205 361 299
645 205 513 292
655 205 524 292
485 215 358 302
525 215 394 315
645 215 511 315
675 215 540 311
785 215 647 312
795 215 659 311
495 225 359 315
515 225 382 324
525 225 393 320
555 225 421 322
565 225 431 320
575 225 442 322
625 225 491 321
645 225 511 325
655 225 521 322
795 225 660 329
845 225 677 313
465 235 333 328
505 235 372 327
545 235 411 332
555 235 421 331
565 235 431 341
595 235 460 324
605 235 471 326
385 245 280 331
445 245 314 338
505 245 371 341
525 245 391 336
545 245 410 339
555 245 421 339
505 255 372 349
515 255 383 347
525 255 390 344
535 255 400 344
545 255 412 353
575 255 440 347
715 255 579 351
475 265 342 359
505 265 372 354
515 265 380 357
655 265 520 362
665 265 530 362
715 265 579 361
505 275 371 365
625 275 491 380
675 275 539 373
445 285 311 377
505 285 370 376
515 285 379 379
525 285 388 381
535 285 399 378
605 285 471 385
475 295 340 390
505 295 369 385
525 295 390 389
535 295 399 388
615 295 479 394
635 295 501 407
685 295 549 388
475 305 341 398
515 305 378 400
525 305 389 395
535 305 399 395
665 305 529 404
445 315 307 409
475 315 340 409
655 315 518 410
665 315 528 410
445 325 310 419
455 325 321 418
475 325 341 419
485 325 401 388
515 325 378 416
525 325 390 423
535 325 399 422
655 325 518 417
485 335 353 427
515 335 377 428
525 335 388 426
575 335 437 431
585 335 447 431
595 335 457 430
615 335 479 431
675 335 539 445
475 345 367 462
535 345 399 436
585 345 446 439
595 345 457 441
625 345 487 427
665 345 529 455
675 345 538 456
465 355 329 445
475 355 339 448
485 355 376 470
495 355 387 468
515 355 379 447
625 355 488 451
475 375 474 507
485 375 348 467
595 375 457 467
665 375 528 476
715 375 576 467
365 385 443 180
395 385 471 177
465 385 463 503
485 385 350 476
495 385 359 476
625 385 487 481
645 385 507 473
655 385 516 472
675 385 537 487
705 385 565 478
715 385 576 476
725 385 586 474
375 395 453 199
625 395 487 489
645 395 507 488
655 395 516 483
695 395 556 489
725 395 585 488
755 395 614 489
515 405 377 498
645 405 507 498
655 405 517 496
765 405 405 445
515 415 376 507
625 415 487 511
635 415 496 504
665 415 525 504
705 415 565 509
375 425 451 217
525 425 386 516
625 425 486 518
645 425 507 513
705 425 569 514
605 435 465 526
615 435 475 526
625 435 486 528
725 435 584 527
735 435 591 499
595 445 455 542
605 445 464 541
615 445 475 536
625 445 485 535
635 445 495 531
645 445 506 536
705 445 564 540
435 455 582 173
595 455 453 549
605 455 465 548
615 455 475 546
625 455 486 550
635 455 495 548
645 455 505 545
665 455 527 565
605 465 465 562
625 465 485 556
655 465 514 557
705 465 564 560
605 475 464 572
615 475 474 569
635 475 494 569
695 475 554 567
705 475 564 571
405 485 504 264
585 485 444 578
605 485 464 579
645 485 505 583
655 485 515 576
675 485 533 580
685 485 543 579
695 485 554 581
705 485 564 578
715 485 573 579
735 485 592 582
745 485 603 580
585 495 444 588
605 495 463 589
615 495 473 588
625 495 485 592
635 495 494 590
665 495 524 584
685 495 543 590
705 495 562 590
755 495 613 592
595 505 454 597
605 505 464 598
615 505 473 597
655 505 514 599
705 505 564 598
735 505 593 598
745 505 603 598
765 505 621 597
775 505 629 597
585 515 444 609
605 515 463 609
615 515 474 608
635 515 493 607
645 515 503 610
665 515 526 615
685 515 545 610
605 525 487 612
635 525 492 618
685 525 541 620
725 525 581 617
735 525 592 617
635 535 493 629
655 535 511 626
665 535 523 625
675 535 533 626
695 535 552 626
705 535 562 629
715 535 573 629
635 545 492 634
645 545 502 634
655 545 513 635
665 545 523 637
675 545 533 638
685 545 541 636
695 545 553 644
625 555 483 648
635 555 493 646
645 555 502 645
655 555 512 648
665 555 523 647
685 555 543 655
705 555 563 652
645 565 502 658
675 565 532 658
685 565 543 662
335 575 453 632
345 575 463 633
355 575 474 634
645 575 502 669
675 575 532 671
685 575 541 668
345 585 463 643
635 585 492 681
645 585 503 685
415 595 478 342
635 595 493 697
645 595 502 694
685 595 541 688
395 605 458 348
405 605 469 349
415 605 478 355
655 605 510 700
455 615 519 350
465 615 529 350
475 615 538 342
415 625 480 389
425 625 490 390
515 665 581 452
455 715 491 455
